51.jpg 0.18880000000000002 0.2888 0.5511999999999999 0.6512
95.jpg 0.2051 0.3051 0.2629 0.3629
84.jpg 0.6622 0.7622000000000001 0.6617 0.7617
33.jpg 0.06219999999999999 0.1622 0.29660000000000003 0.3966
58.jpg 0.7948999999999999 0.8949 0.10640000000000001 0.20640000000000003
38.jpg 0.2112 0.3112 0.7536999999999999 0.8537
8.jpg 0.6051 0.7051000000000001 0.29660000000000003 0.3966
47.jpg 0.13779999999999998 0.2378 0.060399999999999995 0.1604
48.jpg 0.5519999999999999 0.652 0.0635 0.1635
93.jpg 0.7561 0.8561000000000001 0.21989999999999998 0.31989999999999996
50.jpg 0.3582 0.4582 0.7291 0.8291000000000001
97.jpg 0.7071 0.8071 0.3764 0.4764
99.jpg 0.3214 0.4214 0.48069999999999996 0.5807
82.jpg 0.5479999999999999 0.648 0.07579999999999999 0.1758
54.jpg 0.6336999999999999 0.7337 0.6985 0.7985000000000001
74.jpg 0.2031 0.3031 0.1617 0.2617
78.jpg 0.7051 0.8051 0.43470000000000003 0.5347000000000001
83.jpg 0.5337 0.6337 0.1617 0.2617
75.jpg 0.7295999999999999 0.8296 0.6953999999999999 0.7954
37.jpg 0.7989999999999999 0.899 0.6125999999999999 0.7126
86.jpg 0.18469999999999998 0.2847 0.1709 0.27090000000000003
45.jpg 0.8357 0.9357000000000001 0.3887 0.48869999999999997
110.jpg 0.5092 0.6092000000000001 0.5267 0.6267
61.jpg 0.2847 0.3847 0.2936 0.3936
100.jpg 0.7704 0.8704000000000001 0.8058 0.9058
12.jpg 0.1357 0.23570000000000002 0.8089 0.9089
6.jpg 0.30310000000000004 0.4031 0.7291 0.8291000000000001
76.jpg 0.7643 0.8643000000000001 0.6586 0.7586
89.jpg 0.22139999999999999 0.32139999999999996 0.312 0.412
85.jpg 0.1357 0.23570000000000002 0.2046 0.3046
22.jpg 0.15200000000000002 0.252 0.5236 0.6236
15.jpg 0.2459 0.3459 0.8457 0.9457000000000001
88.jpg 0.2684 0.3684 0.2752 0.3752
42.jpg 0.7091999999999999 0.8092 0.7628999999999999 0.8629
36.jpg 0.7888 0.8888 0.7014999999999999 0.8015
66.jpg 0.7663 0.8663000000000001 0.49290000000000006 0.5929000000000001
79.jpg 0.6643 0.7643000000000001 0.40090000000000003 0.5009
104.jpg 0.6888 0.7888000000000001 0.2046 0.3046
81.jpg 0.448 0.548 0.8180999999999999 0.9181
77.jpg 0.39080000000000004 0.4908 0.4561 0.5561
52.jpg 0.49290000000000006 0.5929000000000001 0.23220000000000002 0.3322
68.jpg 0.045899999999999996 0.1459 0.085 0.185
4.jpg 0.6153 0.7153 0.5604 0.6604000000000001
72.jpg 0.6336999999999999 0.7337 0.3212 0.42119999999999996
57.jpg 0.8357 0.9357000000000001 0.5727 0.6727000000000001
69.jpg 0.19290000000000002 0.2929 0.6371 0.7371000000000001
20.jpg 0.2949 0.3949 0.7322 0.8322
109.jpg 0.7643 0.8643000000000001 0.2107 0.3107
40.jpg 0.6377999999999999 0.7378 0.585 0.685
80.jpg 0.7172999999999999 0.8173 0.22610000000000002 0.3261
43.jpg 0.6173 0.7173 0.3365 0.4365
71.jpg 0.8009999999999999 0.901 0.6830999999999999 0.7831
64.jpg 0.21939999999999998 0.31939999999999996 0.7844 0.8844000000000001
67.jpg -0.0051 0.09490000000000001 0.7813 0.8813000000000001
106.jpg 0.6194 0.7194 0.3304 0.4304
92.jpg 0.5908 0.6908000000000001 0.6555 0.7555000000000001
103.jpg 0.199 0.299 0.7199 0.8199000000000001
26.jpg 0.2051 0.3051 0.6892999999999999 0.7893
63.jpg 0.25 0.35 0.7874 0.8874000000000001
3.jpg 0.6356999999999999 0.7357 0.6433 0.7433000000000001
49.jpg 0.8152999999999999 0.9153 0.5942 0.6942
62.jpg 0.10310000000000001 0.2031 0.19540000000000002 0.2954
53.jpg 0.2847 0.3847 0.0267 0.1267
10.jpg 0.4418 0.5418000000000001 0.3856 0.4856
73.jpg 0.4255 0.5255 0.48680000000000007 0.5868000000000001
70.jpg 0.3724 0.4724 0.19540000000000002 0.2954
98.jpg 0.49690000000000006 0.5969000000000001 0.7536999999999999 0.8537
87.jpg 0.24180000000000001 0.3418 0.2383 0.3383
46.jpg 0.4724 0.5724 0.4071 0.5071
0.jpg 0.7806 0.8806 0.085 0.185
34.jpg 0.22350000000000003 0.3235 0.266 0.366
18.jpg 0.6173 0.7173 0.29660000000000003 0.3966
39.jpg 0.5601999999999999 0.6602 0.2813 0.3813
108.jpg 0.43570000000000003 0.5357000000000001 0.4439 0.5439
31.jpg 0.5929 0.6929000000000001 0.2752 0.3752
102.jpg 0.4051 0.5051 0.5758 0.6758000000000001
17.jpg 0.45 0.55 0.4531 0.5531
9.jpg 0.3173 0.4173 0.2353 0.3353
16.jpg 0.5296 0.6296 0.2782 0.3782
25.jpg 0.5173 0.6173000000000001 0.2046 0.3046
29.jpg 0.1622 0.2622 0.312 0.412
11.jpg 0.7643 0.8643000000000001 0.6433 0.7433000000000001
32.jpg 0.5908 0.6908000000000001 0.07579999999999999 0.1758
94.jpg 0.2888 0.3888 0.3948 0.49479999999999996
55.jpg 0.2745 0.3745 0.4163 0.5163
60.jpg 0.10099999999999999 0.201 0.3089 0.4089
41.jpg 0.13369999999999999 0.23370000000000002 0.6769999999999999 0.777
91.jpg 0.4541 0.5541 0.1739 0.2739
5.jpg 0.7968999999999999 0.8969 0.1617 0.2617
44.jpg 0.07039999999999999 0.1704 0.48990000000000006 0.5899000000000001
90.jpg 0.2173 0.31729999999999997 0.4623 0.5623
59.jpg 0.2888 0.3888 0.6647 0.7647
23.jpg 0.3663 0.4663 0.5696 0.6696000000000001
35.jpg 0.3786 0.47859999999999997 0.5819 0.6819000000000001
101.jpg 0.15000000000000002 0.25 0.6003 0.7003
30.jpg 0.09899999999999999 0.199 0.3242 0.42419999999999997
7.jpg 0.0684 0.1684 0.1218 0.2218
24.jpg 0.7684 0.8684000000000001 0.25370000000000004 0.3537
105.jpg 0.5276 0.6276 0.7936 0.8936000000000001
14.jpg 0.1663 0.2663 0.315 0.415
107.jpg 0.18269999999999997 0.2827 0.4224 0.5224
1.jpg 0.8213999999999999 0.9214 0.1218 0.2218
27.jpg 0.5745 0.6745000000000001 0.2567 0.35669999999999996
13.jpg 0.3296 0.4296 0.22610000000000002 0.3261
96.jpg 0.4214 0.5214 0.7936 0.8936000000000001
