51.jpg 0.2388 0.6012 0.18880000000000002 0.19130000000000003 0.19380000000000003 0.19630000000000003 0.19880000000000003 0.20130000000000003 0.20380000000000004 0.20630000000000004 0.2088 0.21130000000000002 0.21380000000000002 0.21630000000000002 0.21880000000000002 0.22130000000000002 0.22380000000000003 0.22630000000000003 0.22880000000000003 0.23130000000000003 0.2338 0.2363 0.5511999999999999 0.5536999999999999 0.5561999999999999 0.5586999999999999 0.5611999999999999 0.5636999999999999 0.5661999999999999 0.5686999999999999 0.5711999999999999 0.5736999999999999 0.5761999999999999 0.5786999999999999 0.5811999999999999 0.5836999999999999 0.5861999999999999 0.5886999999999999 0.5912 0.5936999999999999 0.5962 0.5986999999999999
95.jpg 0.2551 0.3129 0.2051 0.2076 0.2101 0.2126 0.2151 0.21760000000000002 0.22010000000000002 0.22260000000000002 0.2251 0.2276 0.2301 0.2326 0.2351 0.2376 0.2401 0.2426 0.2451 0.24760000000000001 0.2501 0.2526 0.2629 0.2654 0.2679 0.27040000000000003 0.27290000000000003 0.27540000000000003 0.27790000000000004 0.28040000000000004 0.28290000000000004 0.28540000000000004 0.28790000000000004 0.29040000000000005 0.29290000000000005 0.2954 0.29790000000000005 0.3004 0.3029 0.3054 0.3079 0.3104
84.jpg 0.7122 0.7117 0.6622 0.6647 0.6672 0.6697 0.6722 0.6747 0.6772 0.6797 0.6822 0.6847 0.6872 0.6897 0.6922 0.6947 0.6972 0.6997 0.7022 0.7047 0.7072 0.7097 0.6617 0.6641999999999999 0.6667 0.6691999999999999 0.6717 0.6741999999999999 0.6767 0.6791999999999999 0.6817 0.6841999999999999 0.6867 0.6891999999999999 0.6917 0.6941999999999999 0.6967 0.6991999999999999 0.7017 0.7041999999999999 0.7067 0.7091999999999999
33.jpg 0.1122 0.3466 0.06219999999999999 0.0647 0.0672 0.0697 0.07219999999999999 0.07469999999999999 0.07719999999999999 0.0797 0.0822 0.0847 0.0872 0.0897 0.0922 0.09469999999999999 0.0972 0.09969999999999998 0.10219999999999999 0.10469999999999999 0.10719999999999999 0.10969999999999999 0.29660000000000003 0.29910000000000003 0.30160000000000003 0.30410000000000004 0.30660000000000004 0.30910000000000004 0.31160000000000004 0.31410000000000005 0.31660000000000005 0.31910000000000005 0.32160000000000005 0.32410000000000005 0.32660000000000006 0.32910000000000006 0.3316 0.3341 0.3366 0.3391 0.3416 0.3441
58.jpg 0.8449 0.1564 0.7948999999999999 0.7973999999999999 0.7998999999999999 0.8023999999999999 0.8049 0.8073999999999999 0.8099 0.8123999999999999 0.8149 0.8173999999999999 0.8199 0.8223999999999999 0.8249 0.8273999999999999 0.8299 0.8323999999999999 0.8349 0.8373999999999999 0.8399 0.8423999999999999 0.10640000000000001 0.10890000000000001 0.11140000000000001 0.11390000000000002 0.1164 0.1189 0.12140000000000001 0.12390000000000001 0.1264 0.12890000000000001 0.13140000000000002 0.13390000000000002 0.13640000000000002 0.13890000000000002 0.14140000000000003 0.1439 0.1464 0.1489 0.1514 0.1539
38.jpg 0.2612 0.8037 0.2112 0.2137 0.2162 0.2187 0.2212 0.2237 0.2262 0.22870000000000001 0.2312 0.2337 0.2362 0.2387 0.2412 0.2437 0.2462 0.2487 0.2512 0.2537 0.2562 0.2587 0.7536999999999999 0.7561999999999999 0.7586999999999999 0.7611999999999999 0.7636999999999999 0.7661999999999999 0.7686999999999999 0.7711999999999999 0.7736999999999999 0.7761999999999999 0.7787 0.7811999999999999 0.7837 0.7861999999999999 0.7887 0.7911999999999999 0.7937 0.7961999999999999 0.7987 0.8011999999999999
8.jpg 0.6551 0.3466 0.6051 0.6075999999999999 0.6101 0.6125999999999999 0.6151 0.6175999999999999 0.6201 0.6225999999999999 0.6251 0.6275999999999999 0.6301 0.6325999999999999 0.6351 0.6376 0.6401 0.6426 0.6451 0.6476 0.6501 0.6526 0.29660000000000003 0.29910000000000003 0.30160000000000003 0.30410000000000004 0.30660000000000004 0.30910000000000004 0.31160000000000004 0.31410000000000005 0.31660000000000005 0.31910000000000005 0.32160000000000005 0.32410000000000005 0.32660000000000006 0.32910000000000006 0.3316 0.3341 0.3366 0.3391 0.3416 0.3441
47.jpg 0.1878 0.1104 0.13779999999999998 0.14029999999999998 0.14279999999999998 0.14529999999999998 0.1478 0.1503 0.1528 0.1553 0.15779999999999997 0.16029999999999997 0.16279999999999997 0.16529999999999997 0.16779999999999998 0.17029999999999998 0.17279999999999998 0.17529999999999998 0.17779999999999999 0.1803 0.18279999999999996 0.18529999999999996 0.060399999999999995 0.0629 0.0654 0.0679 0.07039999999999999 0.07289999999999999 0.0754 0.0779 0.0804 0.0829 0.0854 0.0879 0.09040000000000001 0.0929 0.0954 0.09789999999999999 0.10039999999999999 0.10289999999999999 0.1054 0.1079
48.jpg 0.602 0.1135 0.5519999999999999 0.5544999999999999 0.5569999999999999 0.5594999999999999 0.5619999999999999 0.5644999999999999 0.567 0.5694999999999999 0.572 0.5744999999999999 0.577 0.5794999999999999 0.582 0.5844999999999999 0.587 0.5894999999999999 0.592 0.5944999999999999 0.597 0.5994999999999999 0.0635 0.066 0.0685 0.07100000000000001 0.0735 0.076 0.0785 0.081 0.0835 0.086 0.0885 0.091 0.0935 0.096 0.0985 0.101 0.10350000000000001 0.10600000000000001 0.1085 0.111
93.jpg 0.8061 0.2699 0.7561 0.7585999999999999 0.7611 0.7636 0.7661 0.7686 0.7711 0.7736 0.7761 0.7786 0.7811 0.7836 0.7861 0.7886 0.7911 0.7936 0.7961 0.7986 0.8011 0.8036 0.21989999999999998 0.2224 0.2249 0.2274 0.2299 0.2324 0.2349 0.2374 0.23989999999999997 0.24239999999999998 0.24489999999999998 0.24739999999999998 0.24989999999999998 0.25239999999999996 0.2549 0.25739999999999996 0.25989999999999996 0.26239999999999997 0.26489999999999997 0.26739999999999997
50.jpg 0.4082 0.7791 0.3582 0.3607 0.3632 0.3657 0.3682 0.37070000000000003 0.37320000000000003 0.37570000000000003 0.37820000000000004 0.38070000000000004 0.38320000000000004 0.38570000000000004 0.38820000000000005 0.39070000000000005 0.3932 0.3957 0.3982 0.4007 0.4032 0.4057 0.7291 0.7315999999999999 0.7341 0.7365999999999999 0.7391 0.7415999999999999 0.7441 0.7465999999999999 0.7491 0.7515999999999999 0.7541 0.7565999999999999 0.7591 0.7615999999999999 0.7641 0.7666 0.7691 0.7716 0.7741 0.7766
97.jpg 0.7571 0.4264 0.7071 0.7095999999999999 0.7121 0.7145999999999999 0.7171 0.7195999999999999 0.7221 0.7245999999999999 0.7271 0.7295999999999999 0.7321 0.7345999999999999 0.7371 0.7395999999999999 0.7421 0.7445999999999999 0.7471 0.7495999999999999 0.7521 0.7545999999999999 0.3764 0.3789 0.3814 0.3839 0.3864 0.3889 0.3914 0.39390000000000003 0.39640000000000003 0.39890000000000003 0.40140000000000003 0.40390000000000004 0.40640000000000004 0.40890000000000004 0.4114 0.4139 0.4164 0.4189 0.4214 0.4239
99.jpg 0.3714 0.5307 0.3214 0.3239 0.3264 0.3289 0.33140000000000003 0.33390000000000003 0.33640000000000003 0.33890000000000003 0.34140000000000004 0.34390000000000004 0.34640000000000004 0.34890000000000004 0.35140000000000005 0.3539 0.35640000000000005 0.3589 0.3614 0.3639 0.3664 0.3689 0.48069999999999996 0.48319999999999996 0.48569999999999997 0.48819999999999997 0.49069999999999997 0.49319999999999997 0.4957 0.4982 0.5006999999999999 0.5032 0.5056999999999999 0.5082 0.5106999999999999 0.5132 0.5156999999999999 0.5182 0.5206999999999999 0.5232 0.5257 0.5282
82.jpg 0.598 0.1258 0.5479999999999999 0.5504999999999999 0.5529999999999999 0.5554999999999999 0.5579999999999999 0.5604999999999999 0.563 0.5654999999999999 0.568 0.5704999999999999 0.573 0.5754999999999999 0.578 0.5804999999999999 0.583 0.5854999999999999 0.588 0.5904999999999999 0.593 0.5954999999999999 0.07579999999999999 0.0783 0.0808 0.0833 0.08579999999999999 0.08829999999999999 0.09079999999999999 0.0933 0.0958 0.0983 0.1008 0.1033 0.1058 0.1083 0.1108 0.11329999999999998 0.11579999999999999 0.11829999999999999 0.12079999999999999 0.12329999999999999
54.jpg 0.6837 0.7485 0.6336999999999999 0.6361999999999999 0.6386999999999999 0.6411999999999999 0.6436999999999999 0.6461999999999999 0.6486999999999999 0.6511999999999999 0.6537 0.6561999999999999 0.6587 0.6611999999999999 0.6637 0.6661999999999999 0.6687 0.6711999999999999 0.6737 0.6761999999999999 0.6787 0.6811999999999999 0.6985 0.701 0.7035 0.706 0.7085 0.711 0.7135 0.716 0.7185 0.721 0.7235 0.726 0.7285 0.731 0.7335 0.736 0.7385 0.741 0.7435 0.746
74.jpg 0.2531 0.2117 0.2031 0.2056 0.2081 0.2106 0.2131 0.2156 0.21810000000000002 0.22060000000000002 0.2231 0.2256 0.2281 0.2306 0.2331 0.2356 0.2381 0.2406 0.2431 0.2456 0.2481 0.2506 0.1617 0.1642 0.16670000000000001 0.16920000000000002 0.17170000000000002 0.17420000000000002 0.17670000000000002 0.17920000000000003 0.1817 0.1842 0.1867 0.1892 0.1917 0.1942 0.1967 0.19920000000000002 0.20170000000000002 0.20420000000000002 0.2067 0.2092
78.jpg 0.7551 0.4847 0.7051 0.7075999999999999 0.7101 0.7125999999999999 0.7151 0.7175999999999999 0.7201 0.7225999999999999 0.7251 0.7275999999999999 0.7301 0.7325999999999999 0.7351 0.7375999999999999 0.7401 0.7425999999999999 0.7451 0.7475999999999999 0.7501 0.7525999999999999 0.43470000000000003 0.43720000000000003 0.43970000000000004 0.44220000000000004 0.44470000000000004 0.44720000000000004 0.44970000000000004 0.45220000000000005 0.45470000000000005 0.45720000000000005 0.45970000000000005 0.46220000000000006 0.46470000000000006 0.46720000000000006 0.4697 0.4722 0.4747 0.4772 0.4797 0.4822
83.jpg 0.5837 0.2117 0.5337 0.5361999999999999 0.5387 0.5411999999999999 0.5437 0.5461999999999999 0.5487 0.5511999999999999 0.5537 0.5561999999999999 0.5587 0.5611999999999999 0.5637 0.5661999999999999 0.5687 0.5711999999999999 0.5737 0.5761999999999999 0.5787 0.5811999999999999 0.1617 0.1642 0.16670000000000001 0.16920000000000002 0.17170000000000002 0.17420000000000002 0.17670000000000002 0.17920000000000003 0.1817 0.1842 0.1867 0.1892 0.1917 0.1942 0.1967 0.19920000000000002 0.20170000000000002 0.20420000000000002 0.2067 0.2092
75.jpg 0.7796 0.7454 0.7295999999999999 0.7320999999999999 0.7345999999999999 0.7370999999999999 0.7395999999999999 0.7420999999999999 0.7445999999999999 0.7470999999999999 0.7495999999999999 0.7520999999999999 0.7545999999999999 0.7570999999999999 0.7595999999999999 0.7620999999999999 0.7646 0.7670999999999999 0.7696 0.7720999999999999 0.7746 0.7770999999999999 0.6953999999999999 0.6978999999999999 0.7003999999999999 0.7028999999999999 0.7053999999999999 0.7078999999999999 0.7103999999999999 0.7128999999999999 0.7153999999999999 0.7178999999999999 0.7203999999999999 0.7228999999999999 0.7253999999999999 0.7278999999999999 0.7303999999999999 0.7328999999999999 0.7353999999999999 0.7378999999999999 0.7404 0.7428999999999999
37.jpg 0.849 0.6626 0.7989999999999999 0.8014999999999999 0.8039999999999999 0.8064999999999999 0.8089999999999999 0.8114999999999999 0.814 0.8164999999999999 0.819 0.8214999999999999 0.824 0.8264999999999999 0.829 0.8314999999999999 0.834 0.8364999999999999 0.839 0.8414999999999999 0.844 0.8464999999999999 0.6125999999999999 0.6150999999999999 0.6175999999999999 0.6200999999999999 0.6225999999999999 0.6250999999999999 0.6275999999999999 0.6300999999999999 0.6325999999999999 0.6350999999999999 0.6376 0.6400999999999999 0.6426 0.6450999999999999 0.6476 0.6500999999999999 0.6526 0.6550999999999999 0.6576 0.6600999999999999
86.jpg 0.2347 0.2209 0.18469999999999998 0.18719999999999998 0.18969999999999998 0.19219999999999998 0.19469999999999998 0.1972 0.1997 0.2022 0.20469999999999997 0.20719999999999997 0.20969999999999997 0.21219999999999997 0.21469999999999997 0.21719999999999998 0.21969999999999998 0.22219999999999998 0.22469999999999998 0.22719999999999999 0.22969999999999996 0.23219999999999996 0.1709 0.1734 0.1759 0.1784 0.1809 0.1834 0.1859 0.1884 0.1909 0.1934 0.1959 0.1984 0.2009 0.2034 0.2059 0.2084 0.2109 0.2134 0.21589999999999998 0.21839999999999998
45.jpg 0.8857 0.4387 0.8357 0.8382 0.8407 0.8432 0.8457 0.8482 0.8507 0.8532 0.8557 0.8582 0.8607 0.8632 0.8657 0.8682 0.8707 0.8732 0.8757 0.8782 0.8807 0.8832 0.3887 0.3912 0.3937 0.3962 0.3987 0.4012 0.4037 0.4062 0.4087 0.4112 0.4137 0.4162 0.4187 0.4212 0.42369999999999997 0.42619999999999997 0.42869999999999997 0.43119999999999997 0.4337 0.4362
110.jpg 0.5592 0.5767 0.5092 0.5116999999999999 0.5142 0.5166999999999999 0.5192 0.5216999999999999 0.5242 0.5267 0.5292 0.5317 0.5342 0.5367 0.5392 0.5417 0.5442 0.5467 0.5492 0.5517 0.5542 0.5567 0.5267 0.5291999999999999 0.5317 0.5341999999999999 0.5367 0.5391999999999999 0.5417 0.5441999999999999 0.5467 0.5491999999999999 0.5517 0.5541999999999999 0.5567 0.5591999999999999 0.5617 0.5641999999999999 0.5667 0.5691999999999999 0.5717 0.5741999999999999
61.jpg 0.3347 0.3436 0.2847 0.2872 0.2897 0.2922 0.2947 0.2972 0.2997 0.3022 0.3047 0.30720000000000003 0.30970000000000003 0.31220000000000003 0.31470000000000004 0.31720000000000004 0.3197 0.3222 0.3247 0.3272 0.3297 0.3322 0.2936 0.29610000000000003 0.29860000000000003 0.30110000000000003 0.30360000000000004 0.30610000000000004 0.30860000000000004 0.31110000000000004 0.31360000000000005 0.31610000000000005 0.31860000000000005 0.32110000000000005 0.32360000000000005 0.32610000000000006 0.3286 0.3311 0.3336 0.3361 0.3386 0.3411
100.jpg 0.8204 0.8558 0.7704 0.7728999999999999 0.7754 0.7778999999999999 0.7804 0.7828999999999999 0.7854 0.7878999999999999 0.7904 0.7928999999999999 0.7954 0.7978999999999999 0.8004 0.8029 0.8054 0.8079 0.8104 0.8129 0.8154 0.8179 0.8058 0.8082999999999999 0.8108 0.8132999999999999 0.8158 0.8182999999999999 0.8208 0.8232999999999999 0.8258 0.8282999999999999 0.8308 0.8332999999999999 0.8358 0.8382999999999999 0.8408 0.8432999999999999 0.8458 0.8482999999999999 0.8508 0.8533
12.jpg 0.1857 0.8589 0.1357 0.1382 0.1407 0.1432 0.1457 0.1482 0.1507 0.1532 0.15569999999999998 0.15819999999999998 0.16069999999999998 0.16319999999999998 0.1657 0.1682 0.1707 0.1732 0.1757 0.1782 0.18069999999999997 0.18319999999999997 0.8089 0.8113999999999999 0.8139 0.8163999999999999 0.8189 0.8213999999999999 0.8239 0.8263999999999999 0.8289 0.8313999999999999 0.8339 0.8363999999999999 0.8389 0.8413999999999999 0.8439 0.8463999999999999 0.8489 0.8513999999999999 0.8539 0.8563999999999999
6.jpg 0.3531 0.7791 0.30310000000000004 0.30560000000000004 0.30810000000000004 0.31060000000000004 0.31310000000000004 0.31560000000000005 0.31810000000000005 0.32060000000000005 0.32310000000000005 0.32560000000000006 0.32810000000000006 0.33060000000000006 0.33310000000000006 0.3356 0.33810000000000007 0.3406 0.3431 0.3456 0.3481 0.3506 0.7291 0.7315999999999999 0.7341 0.7365999999999999 0.7391 0.7415999999999999 0.7441 0.7465999999999999 0.7491 0.7515999999999999 0.7541 0.7565999999999999 0.7591 0.7615999999999999 0.7641 0.7666 0.7691 0.7716 0.7741 0.7766
76.jpg 0.8143 0.7086 0.7643 0.7667999999999999 0.7693 0.7717999999999999 0.7743 0.7767999999999999 0.7793 0.7817999999999999 0.7843 0.7867999999999999 0.7893 0.7918 0.7943 0.7968 0.7993 0.8018 0.8043 0.8068 0.8093 0.8118 0.6586 0.6610999999999999 0.6636 0.6660999999999999 0.6686 0.6710999999999999 0.6736 0.6760999999999999 0.6786 0.6810999999999999 0.6836 0.6860999999999999 0.6886 0.6910999999999999 0.6936 0.6960999999999999 0.6986 0.7011 0.7036 0.7061
89.jpg 0.2714 0.362 0.22139999999999999 0.2239 0.2264 0.2289 0.2314 0.2339 0.2364 0.2389 0.24139999999999998 0.24389999999999998 0.24639999999999998 0.24889999999999998 0.2514 0.2539 0.25639999999999996 0.25889999999999996 0.26139999999999997 0.26389999999999997 0.26639999999999997 0.2689 0.312 0.3145 0.317 0.3195 0.322 0.3245 0.327 0.3295 0.332 0.3345 0.337 0.3395 0.342 0.34450000000000003 0.347 0.3495 0.352 0.3545 0.357 0.3595
85.jpg 0.1857 0.2546 0.1357 0.1382 0.1407 0.1432 0.1457 0.1482 0.1507 0.1532 0.15569999999999998 0.15819999999999998 0.16069999999999998 0.16319999999999998 0.1657 0.1682 0.1707 0.1732 0.1757 0.1782 0.18069999999999997 0.18319999999999997 0.2046 0.2071 0.2096 0.2121 0.2146 0.21710000000000002 0.21960000000000002 0.22210000000000002 0.2246 0.2271 0.2296 0.2321 0.2346 0.2371 0.2396 0.2421 0.2446 0.24710000000000001 0.2496 0.2521
22.jpg 0.202 0.5736 0.15200000000000002 0.15450000000000003 0.15700000000000003 0.15950000000000003 0.16200000000000003 0.16450000000000004 0.16700000000000004 0.16950000000000004 0.17200000000000001 0.17450000000000002 0.17700000000000002 0.17950000000000002 0.18200000000000002 0.18450000000000003 0.18700000000000003 0.18950000000000003 0.19200000000000003 0.19450000000000003 0.197 0.1995 0.5236 0.5260999999999999 0.5286 0.5310999999999999 0.5336 0.5360999999999999 0.5386 0.5410999999999999 0.5436 0.5460999999999999 0.5486 0.5510999999999999 0.5536 0.5560999999999999 0.5586 0.5610999999999999 0.5636 0.5660999999999999 0.5686 0.5710999999999999
15.jpg 0.2959 0.8957 0.2459 0.2484 0.2509 0.2534 0.2559 0.2584 0.2609 0.2634 0.2659 0.2684 0.27090000000000003 0.27340000000000003 0.27590000000000003 0.2784 0.28090000000000004 0.2834 0.2859 0.2884 0.2909 0.2934 0.8457 0.8482 0.8507 0.8532 0.8557 0.8582 0.8607 0.8632 0.8657 0.8682 0.8707 0.8732 0.8757 0.8782 0.8807 0.8832 0.8857 0.8882 0.8907 0.8932
88.jpg 0.3184 0.3252 0.2684 0.27090000000000003 0.27340000000000003 0.27590000000000003 0.27840000000000004 0.28090000000000004 0.28340000000000004 0.28590000000000004 0.28840000000000005 0.29090000000000005 0.29340000000000005 0.29590000000000005 0.29840000000000005 0.30090000000000006 0.3034 0.3059 0.3084 0.3109 0.3134 0.3159 0.2752 0.2777 0.2802 0.2827 0.2852 0.2877 0.2902 0.2927 0.2952 0.2977 0.3002 0.3027 0.3052 0.3077 0.31020000000000003 0.3127 0.3152 0.3177 0.3202 0.3227
42.jpg 0.7592 0.8129 0.7091999999999999 0.7116999999999999 0.7142 0.7166999999999999 0.7192 0.7216999999999999 0.7242 0.7266999999999999 0.7292 0.7316999999999999 0.7342 0.7366999999999999 0.7392 0.7416999999999999 0.7442 0.7466999999999999 0.7492 0.7516999999999999 0.7542 0.7566999999999999 0.7628999999999999 0.7653999999999999 0.7678999999999999 0.7703999999999999 0.7728999999999999 0.7753999999999999 0.7778999999999999 0.7803999999999999 0.7828999999999999 0.7853999999999999 0.7878999999999999 0.7903999999999999 0.7928999999999999 0.7953999999999999 0.7978999999999999 0.8003999999999999 0.8029 0.8053999999999999 0.8079 0.8103999999999999
36.jpg 0.8388 0.7515 0.7888 0.7912999999999999 0.7938 0.7962999999999999 0.7988 0.8012999999999999 0.8038 0.8062999999999999 0.8088 0.8112999999999999 0.8138 0.8162999999999999 0.8188 0.8212999999999999 0.8238 0.8262999999999999 0.8288 0.8312999999999999 0.8338 0.8362999999999999 0.7014999999999999 0.7039999999999998 0.7064999999999999 0.7089999999999999 0.7114999999999999 0.7139999999999999 0.7164999999999999 0.7189999999999999 0.7214999999999999 0.7239999999999999 0.7264999999999999 0.7289999999999999 0.7314999999999999 0.7339999999999999 0.7364999999999999 0.7389999999999999 0.7414999999999999 0.7439999999999999 0.7464999999999999 0.7489999999999999
66.jpg 0.8163 0.5429 0.7663 0.7687999999999999 0.7713 0.7737999999999999 0.7763 0.7787999999999999 0.7813 0.7837999999999999 0.7863 0.7888 0.7913 0.7938 0.7963 0.7988 0.8013 0.8038 0.8063 0.8088 0.8113 0.8138 0.49290000000000006 0.49540000000000006 0.49790000000000006 0.5004000000000001 0.5029 0.5054000000000001 0.5079 0.5104000000000001 0.5129 0.5154000000000001 0.5179 0.5204000000000001 0.5229 0.5254000000000001 0.5279 0.5304000000000001 0.5329 0.5354000000000001 0.5379 0.5404000000000001
79.jpg 0.7143 0.4509 0.6643 0.6668 0.6693 0.6718 0.6743 0.6768 0.6793 0.6818 0.6843 0.6868 0.6893 0.6918 0.6943 0.6968 0.6993 0.7018 0.7043 0.7068 0.7093 0.7118 0.40090000000000003 0.40340000000000004 0.40590000000000004 0.40840000000000004 0.41090000000000004 0.41340000000000005 0.41590000000000005 0.41840000000000005 0.42090000000000005 0.42340000000000005 0.42590000000000006 0.42840000000000006 0.43090000000000006 0.4334 0.43590000000000007 0.4384 0.4409 0.4434 0.4459 0.4484
104.jpg 0.7388 0.2546 0.6888 0.6912999999999999 0.6938 0.6962999999999999 0.6988 0.7012999999999999 0.7038 0.7062999999999999 0.7088 0.7112999999999999 0.7138 0.7162999999999999 0.7188 0.7212999999999999 0.7238 0.7263 0.7288 0.7313 0.7338 0.7363 0.2046 0.2071 0.2096 0.2121 0.2146 0.21710000000000002 0.21960000000000002 0.22210000000000002 0.2246 0.2271 0.2296 0.2321 0.2346 0.2371 0.2396 0.2421 0.2446 0.24710000000000001 0.2496 0.2521
81.jpg 0.498 0.8681 0.448 0.4505 0.453 0.4555 0.458 0.4605 0.463 0.4655 0.468 0.47050000000000003 0.47300000000000003 0.47550000000000003 0.47800000000000004 0.48050000000000004 0.483 0.4855 0.488 0.4905 0.493 0.4955 0.8180999999999999 0.8205999999999999 0.8230999999999999 0.8255999999999999 0.8281 0.8305999999999999 0.8331 0.8355999999999999 0.8381 0.8405999999999999 0.8431 0.8455999999999999 0.8481 0.8505999999999999 0.8531 0.8555999999999999 0.8581 0.8605999999999999 0.8631 0.8655999999999999
77.jpg 0.4408 0.5061 0.39080000000000004 0.39330000000000004 0.39580000000000004 0.39830000000000004 0.40080000000000005 0.40330000000000005 0.40580000000000005 0.40830000000000005 0.41080000000000005 0.41330000000000006 0.41580000000000006 0.41830000000000006 0.42080000000000006 0.4233 0.42580000000000007 0.4283 0.4308 0.4333 0.4358 0.4383 0.4561 0.4586 0.4611 0.4636 0.4661 0.4686 0.4711 0.4736 0.4761 0.4786 0.4811 0.48360000000000003 0.48610000000000003 0.48860000000000003 0.4911 0.4936 0.4961 0.4986 0.5011 0.5036
52.jpg 0.5429 0.2822 0.49290000000000006 0.49540000000000006 0.49790000000000006 0.5004000000000001 0.5029 0.5054000000000001 0.5079 0.5104000000000001 0.5129 0.5154000000000001 0.5179 0.5204000000000001 0.5229 0.5254000000000001 0.5279 0.5304000000000001 0.5329 0.5354000000000001 0.5379 0.5404000000000001 0.23220000000000002 0.23470000000000002 0.23720000000000002 0.23970000000000002 0.24220000000000003 0.24470000000000003 0.24720000000000003 0.24970000000000003 0.25220000000000004 0.25470000000000004 0.25720000000000004 0.25970000000000004 0.26220000000000004 0.26470000000000005 0.2672 0.2697 0.2722 0.2747 0.2772 0.2797
68.jpg 0.0959 0.135 0.045899999999999996 0.0484 0.050899999999999994 0.053399999999999996 0.0559 0.058399999999999994 0.060899999999999996 0.0634 0.0659 0.06839999999999999 0.07089999999999999 0.07339999999999999 0.0759 0.0784 0.0809 0.0834 0.0859 0.0884 0.0909 0.0934 0.085 0.08750000000000001 0.09000000000000001 0.09250000000000001 0.095 0.0975 0.1 0.10250000000000001 0.10500000000000001 0.10750000000000001 0.11000000000000001 0.11250000000000002 0.11500000000000002 0.11750000000000001 0.12000000000000001 0.1225 0.125 0.1275 0.13 0.1325
4.jpg 0.6653 0.6104 0.6153 0.6177999999999999 0.6203 0.6227999999999999 0.6253 0.6277999999999999 0.6303 0.6327999999999999 0.6353 0.6377999999999999 0.6403 0.6427999999999999 0.6453 0.6477999999999999 0.6503 0.6527999999999999 0.6553 0.6577999999999999 0.6603 0.6628 0.5604 0.5629 0.5654 0.5679 0.5704 0.5729 0.5754 0.5779 0.5804 0.5829 0.5854 0.5879 0.5904 0.5929 0.5954 0.5979 0.6004 0.6029 0.6054 0.6079
72.jpg 0.6837 0.3712 0.6336999999999999 0.6361999999999999 0.6386999999999999 0.6411999999999999 0.6436999999999999 0.6461999999999999 0.6486999999999999 0.6511999999999999 0.6537 0.6561999999999999 0.6587 0.6611999999999999 0.6637 0.6661999999999999 0.6687 0.6711999999999999 0.6737 0.6761999999999999 0.6787 0.6811999999999999 0.3212 0.3237 0.3262 0.3287 0.3312 0.3337 0.3362 0.3387 0.3412 0.3437 0.3462 0.3487 0.3512 0.3537 0.35619999999999996 0.35869999999999996 0.36119999999999997 0.36369999999999997 0.36619999999999997 0.36869999999999997
57.jpg 0.8857 0.6227 0.8357 0.8382 0.8407 0.8432 0.8457 0.8482 0.8507 0.8532 0.8557 0.8582 0.8607 0.8632 0.8657 0.8682 0.8707 0.8732 0.8757 0.8782 0.8807 0.8832 0.5727 0.5751999999999999 0.5777 0.5801999999999999 0.5827 0.5851999999999999 0.5877 0.5902 0.5927 0.5952 0.5977 0.6002 0.6027 0.6052 0.6077 0.6102 0.6127 0.6152 0.6177 0.6202
69.jpg 0.2429 0.6871 0.19290000000000002 0.19540000000000002 0.19790000000000002 0.20040000000000002 0.20290000000000002 0.20540000000000003 0.20790000000000003 0.21040000000000003 0.2129 0.2154 0.2179 0.2204 0.22290000000000001 0.22540000000000002 0.22790000000000002 0.23040000000000002 0.23290000000000002 0.23540000000000003 0.2379 0.2404 0.6371 0.6396 0.6421 0.6446 0.6471 0.6496 0.6521 0.6546 0.6571 0.6596 0.6621 0.6646 0.6671 0.6696 0.6721 0.6746 0.6771 0.6796 0.6821 0.6846
20.jpg 0.3449 0.7822 0.2949 0.2974 0.2999 0.3024 0.3049 0.3074 0.3099 0.3124 0.3149 0.3174 0.3199 0.3224 0.3249 0.3274 0.32989999999999997 0.3324 0.3349 0.3374 0.3399 0.3424 0.7322 0.7346999999999999 0.7372 0.7396999999999999 0.7422 0.7446999999999999 0.7472 0.7496999999999999 0.7522 0.7546999999999999 0.7572 0.7596999999999999 0.7622 0.7646999999999999 0.7672 0.7696999999999999 0.7722 0.7746999999999999 0.7772 0.7797
109.jpg 0.8143 0.2607 0.7643 0.7667999999999999 0.7693 0.7717999999999999 0.7743 0.7767999999999999 0.7793 0.7817999999999999 0.7843 0.7867999999999999 0.7893 0.7918 0.7943 0.7968 0.7993 0.8018 0.8043 0.8068 0.8093 0.8118 0.2107 0.2132 0.2157 0.2182 0.2207 0.2232 0.2257 0.22820000000000001 0.2307 0.2332 0.2357 0.2382 0.2407 0.2432 0.2457 0.2482 0.2507 0.2532 0.2557 0.2582
40.jpg 0.6878 0.635 0.6377999999999999 0.6402999999999999 0.6427999999999999 0.6452999999999999 0.6477999999999999 0.6502999999999999 0.6527999999999999 0.6552999999999999 0.6577999999999999 0.6602999999999999 0.6628 0.6652999999999999 0.6678 0.6702999999999999 0.6728 0.6752999999999999 0.6778 0.6802999999999999 0.6828 0.6852999999999999 0.585 0.5874999999999999 0.59 0.5924999999999999 0.595 0.5974999999999999 0.6 0.6024999999999999 0.605 0.6074999999999999 0.61 0.6124999999999999 0.615 0.6174999999999999 0.62 0.6224999999999999 0.625 0.6275 0.63 0.6325
80.jpg 0.7673 0.2761 0.7172999999999999 0.7197999999999999 0.7222999999999999 0.7247999999999999 0.7273 0.7297999999999999 0.7323 0.7347999999999999 0.7373 0.7397999999999999 0.7423 0.7447999999999999 0.7473 0.7497999999999999 0.7523 0.7547999999999999 0.7573 0.7597999999999999 0.7623 0.7647999999999999 0.22610000000000002 0.22860000000000003 0.23110000000000003 0.23360000000000003 0.23610000000000003 0.23860000000000003 0.24110000000000004 0.24360000000000004 0.2461 0.24860000000000002 0.25110000000000005 0.25360000000000005 0.25610000000000005 0.25860000000000005 0.2611 0.2636 0.2661 0.2686 0.2711 0.2736
43.jpg 0.6673 0.3865 0.6173 0.6197999999999999 0.6223 0.6247999999999999 0.6273 0.6297999999999999 0.6323 0.6347999999999999 0.6373 0.6397999999999999 0.6423 0.6447999999999999 0.6473 0.6497999999999999 0.6523 0.6547999999999999 0.6573 0.6597999999999999 0.6623 0.6648 0.3365 0.339 0.3415 0.34400000000000003 0.34650000000000003 0.34900000000000003 0.35150000000000003 0.35400000000000004 0.35650000000000004 0.35900000000000004 0.36150000000000004 0.36400000000000005 0.36650000000000005 0.369 0.37150000000000005 0.374 0.3765 0.379 0.3815 0.384
71.jpg 0.851 0.7331 0.8009999999999999 0.8034999999999999 0.8059999999999999 0.8084999999999999 0.8109999999999999 0.8134999999999999 0.816 0.8184999999999999 0.821 0.8234999999999999 0.826 0.8284999999999999 0.831 0.8334999999999999 0.836 0.8384999999999999 0.841 0.8434999999999999 0.846 0.8484999999999999 0.6830999999999999 0.6855999999999999 0.6880999999999999 0.6905999999999999 0.6930999999999999 0.6955999999999999 0.6980999999999999 0.7005999999999999 0.7031 0.7055999999999999 0.7081 0.7105999999999999 0.7131 0.7155999999999999 0.7181 0.7205999999999999 0.7231 0.7255999999999999 0.7281 0.7305999999999999
64.jpg 0.2694 0.8344 0.21939999999999998 0.2219 0.2244 0.2269 0.2294 0.2319 0.2344 0.2369 0.23939999999999997 0.24189999999999998 0.24439999999999998 0.24689999999999998 0.24939999999999998 0.2519 0.25439999999999996 0.25689999999999996 0.25939999999999996 0.26189999999999997 0.26439999999999997 0.26689999999999997 0.7844 0.7868999999999999 0.7894 0.7918999999999999 0.7944 0.7968999999999999 0.7994 0.8019 0.8044 0.8069 0.8094 0.8119 0.8144 0.8169 0.8194 0.8219 0.8244 0.8269 0.8294 0.8319
67.jpg 0.0449 0.8313 -0.0051 -0.0026000000000000003 -0.00010000000000000026 0.002400000000000001 0.0049 0.0074 0.009900000000000003 0.012400000000000001 0.0149 0.0174 0.0199 0.022400000000000003 0.024900000000000005 0.0274 0.029900000000000003 0.0324 0.0349 0.0374 0.0399 0.0424 0.7813 0.7837999999999999 0.7863 0.7888 0.7913 0.7938 0.7963 0.7988 0.8013 0.8038 0.8063 0.8088 0.8113 0.8138 0.8163 0.8188 0.8213 0.8238 0.8263 0.8288
106.jpg 0.6694 0.3804 0.6194 0.6218999999999999 0.6244 0.6268999999999999 0.6294 0.6318999999999999 0.6344 0.6368999999999999 0.6394 0.6418999999999999 0.6444 0.6468999999999999 0.6494 0.6518999999999999 0.6544 0.6568999999999999 0.6594 0.6618999999999999 0.6644 0.6668999999999999 0.3304 0.33290000000000003 0.33540000000000003 0.33790000000000003 0.34040000000000004 0.34290000000000004 0.34540000000000004 0.34790000000000004 0.35040000000000004 0.35290000000000005 0.35540000000000005 0.35790000000000005 0.36040000000000005 0.3629 0.36540000000000006 0.3679 0.3704 0.3729 0.3754 0.3779
92.jpg 0.6408 0.7055 0.5908 0.5932999999999999 0.5958 0.5982999999999999 0.6008 0.6033 0.6058 0.6083 0.6108 0.6133 0.6158 0.6183 0.6208 0.6233 0.6258 0.6283 0.6308 0.6333 0.6358 0.6383 0.6555 0.6579999999999999 0.6605 0.6629999999999999 0.6655 0.6679999999999999 0.6705 0.6729999999999999 0.6755 0.6779999999999999 0.6805 0.6829999999999999 0.6855 0.688 0.6905 0.693 0.6955 0.698 0.7005 0.703
103.jpg 0.249 0.7699 0.199 0.2015 0.20400000000000001 0.20650000000000002 0.20900000000000002 0.21150000000000002 0.21400000000000002 0.21650000000000003 0.219 0.2215 0.224 0.2265 0.229 0.2315 0.234 0.23650000000000002 0.23900000000000002 0.24150000000000002 0.244 0.2465 0.7199 0.7223999999999999 0.7249 0.7273999999999999 0.7299 0.7323999999999999 0.7349 0.7373999999999999 0.7399 0.7424 0.7449 0.7474 0.7499 0.7524 0.7549 0.7574 0.7599 0.7624 0.7649 0.7674
26.jpg 0.2551 0.7393 0.2051 0.2076 0.2101 0.2126 0.2151 0.21760000000000002 0.22010000000000002 0.22260000000000002 0.2251 0.2276 0.2301 0.2326 0.2351 0.2376 0.2401 0.2426 0.2451 0.24760000000000001 0.2501 0.2526 0.6892999999999999 0.6917999999999999 0.6942999999999999 0.6967999999999999 0.6992999999999999 0.7017999999999999 0.7042999999999999 0.7067999999999999 0.7092999999999999 0.7117999999999999 0.7142999999999999 0.7167999999999999 0.7192999999999999 0.7217999999999999 0.7242999999999999 0.7267999999999999 0.7293 0.7317999999999999 0.7343 0.7367999999999999
63.jpg 0.3 0.8374 0.25 0.2525 0.255 0.2575 0.26 0.2625 0.265 0.2675 0.27 0.2725 0.275 0.2775 0.28 0.2825 0.28500000000000003 0.2875 0.29 0.2925 0.295 0.2975 0.7874 0.7898999999999999 0.7924 0.7948999999999999 0.7974 0.7998999999999999 0.8024 0.8049 0.8074 0.8099 0.8124 0.8149 0.8174 0.8199 0.8224 0.8249 0.8274 0.8299 0.8324 0.8349
3.jpg 0.6857 0.6933 0.6356999999999999 0.6381999999999999 0.6406999999999999 0.6431999999999999 0.6456999999999999 0.6481999999999999 0.6507 0.6531999999999999 0.6557 0.6581999999999999 0.6607 0.6631999999999999 0.6657 0.6681999999999999 0.6707 0.6731999999999999 0.6757 0.6781999999999999 0.6807 0.6831999999999999 0.6433 0.6457999999999999 0.6483 0.6507999999999999 0.6533 0.6557999999999999 0.6583 0.6607999999999999 0.6633 0.6658 0.6683 0.6708 0.6733 0.6758 0.6783 0.6808 0.6833 0.6858 0.6883 0.6908
49.jpg 0.8653 0.6442 0.8152999999999999 0.8177999999999999 0.8202999999999999 0.8227999999999999 0.8252999999999999 0.8277999999999999 0.8302999999999999 0.8327999999999999 0.8352999999999999 0.8377999999999999 0.8402999999999999 0.8427999999999999 0.8452999999999999 0.8477999999999999 0.8503 0.8527999999999999 0.8553 0.8577999999999999 0.8603 0.8627999999999999 0.5942 0.5966999999999999 0.5992 0.6016999999999999 0.6042 0.6066999999999999 0.6092 0.6116999999999999 0.6142 0.6166999999999999 0.6192 0.6216999999999999 0.6242 0.6266999999999999 0.6292 0.6316999999999999 0.6342 0.6366999999999999 0.6392 0.6416999999999999
62.jpg 0.1531 0.2454 0.10310000000000001 0.10560000000000001 0.10810000000000002 0.11060000000000002 0.1131 0.11560000000000001 0.11810000000000001 0.12060000000000001 0.12310000000000001 0.12560000000000002 0.12810000000000002 0.13060000000000002 0.13310000000000002 0.1356 0.1381 0.1406 0.1431 0.1456 0.1481 0.1506 0.19540000000000002 0.19790000000000002 0.20040000000000002 0.20290000000000002 0.20540000000000003 0.20790000000000003 0.21040000000000003 0.21290000000000003 0.2154 0.2179 0.2204 0.22290000000000001 0.22540000000000002 0.22790000000000002 0.23040000000000002 0.23290000000000002 0.23540000000000003 0.23790000000000003 0.2404 0.2429
53.jpg 0.3347 0.0767 0.2847 0.2872 0.2897 0.2922 0.2947 0.2972 0.2997 0.3022 0.3047 0.30720000000000003 0.30970000000000003 0.31220000000000003 0.31470000000000004 0.31720000000000004 0.3197 0.3222 0.3247 0.3272 0.3297 0.3322 0.0267 0.0292 0.0317 0.0342 0.0367 0.0392 0.0417 0.0442 0.046700000000000005 0.0492 0.0517 0.054200000000000005 0.05670000000000001 0.0592 0.061700000000000005 0.06420000000000001 0.06670000000000001 0.06920000000000001 0.0717 0.0742
10.jpg 0.4918 0.4356 0.4418 0.44430000000000003 0.44680000000000003 0.44930000000000003 0.45180000000000003 0.45430000000000004 0.45680000000000004 0.45930000000000004 0.46180000000000004 0.46430000000000005 0.46680000000000005 0.46930000000000005 0.47180000000000005 0.47430000000000005 0.4768 0.4793 0.4818 0.4843 0.4868 0.4893 0.3856 0.3881 0.3906 0.3931 0.3956 0.3981 0.4006 0.4031 0.4056 0.4081 0.4106 0.4131 0.4156 0.4181 0.4206 0.4231 0.4256 0.4281 0.4306 0.4331
73.jpg 0.4755 0.5368 0.4255 0.428 0.4305 0.433 0.4355 0.438 0.4405 0.443 0.4455 0.448 0.4505 0.453 0.4555 0.45799999999999996 0.4605 0.46299999999999997 0.46549999999999997 0.46799999999999997 0.4705 0.473 0.48680000000000007 0.48930000000000007 0.49180000000000007 0.4943000000000001 0.4968000000000001 0.4993000000000001 0.5018 0.5043000000000001 0.5068 0.5093000000000001 0.5118 0.5143000000000001 0.5168 0.5193000000000001 0.5218 0.5243000000000001 0.5268 0.5293000000000001 0.5318 0.5343000000000001
70.jpg 0.4224 0.2454 0.3724 0.3749 0.3774 0.3799 0.3824 0.3849 0.3874 0.3899 0.3924 0.39490000000000003 0.39740000000000003 0.39990000000000003 0.40240000000000004 0.40490000000000004 0.4074 0.4099 0.4124 0.4149 0.4174 0.4199 0.19540000000000002 0.19790000000000002 0.20040000000000002 0.20290000000000002 0.20540000000000003 0.20790000000000003 0.21040000000000003 0.21290000000000003 0.2154 0.2179 0.2204 0.22290000000000001 0.22540000000000002 0.22790000000000002 0.23040000000000002 0.23290000000000002 0.23540000000000003 0.23790000000000003 0.2404 0.2429
98.jpg 0.5469 0.8037 0.49690000000000006 0.49940000000000007 0.5019 0.5044000000000001 0.5069 0.5094000000000001 0.5119 0.5144000000000001 0.5169 0.5194000000000001 0.5219 0.5244000000000001 0.5269 0.5294000000000001 0.5319 0.5344000000000001 0.5369 0.5394000000000001 0.5419 0.5444000000000001 0.7536999999999999 0.7561999999999999 0.7586999999999999 0.7611999999999999 0.7636999999999999 0.7661999999999999 0.7686999999999999 0.7711999999999999 0.7736999999999999 0.7761999999999999 0.7787 0.7811999999999999 0.7837 0.7861999999999999 0.7887 0.7911999999999999 0.7937 0.7961999999999999 0.7987 0.8011999999999999
87.jpg 0.2918 0.2883 0.24180000000000001 0.24430000000000002 0.24680000000000002 0.24930000000000002 0.2518 0.2543 0.25680000000000003 0.25930000000000003 0.26180000000000003 0.26430000000000003 0.26680000000000004 0.26930000000000004 0.27180000000000004 0.2743 0.27680000000000005 0.2793 0.2818 0.2843 0.2868 0.2893 0.2383 0.24080000000000001 0.24330000000000002 0.24580000000000002 0.24830000000000002 0.2508 0.2533 0.2558 0.25830000000000003 0.26080000000000003 0.26330000000000003 0.26580000000000004 0.26830000000000004 0.27080000000000004 0.2733 0.2758 0.2783 0.2808 0.2833 0.2858
46.jpg 0.5224 0.4571 0.4724 0.4749 0.4774 0.4799 0.4824 0.4849 0.4874 0.4899 0.4924 0.4949 0.4974 0.4999 0.5024 0.5049 0.5074 0.5099 0.5124 0.5149 0.5174 0.5199 0.4071 0.4096 0.4121 0.4146 0.4171 0.41960000000000003 0.42210000000000003 0.42460000000000003 0.42710000000000004 0.42960000000000004 0.43210000000000004 0.43460000000000004 0.43710000000000004 0.4396 0.44210000000000005 0.4446 0.4471 0.4496 0.4521 0.4546
0.jpg 0.8306 0.135 0.7806 0.7830999999999999 0.7856 0.7880999999999999 0.7906 0.7930999999999999 0.7956 0.7980999999999999 0.8006 0.8030999999999999 0.8056 0.8080999999999999 0.8106 0.8130999999999999 0.8156 0.8180999999999999 0.8206 0.8230999999999999 0.8256 0.8281 0.085 0.08750000000000001 0.09000000000000001 0.09250000000000001 0.095 0.0975 0.1 0.10250000000000001 0.10500000000000001 0.10750000000000001 0.11000000000000001 0.11250000000000002 0.11500000000000002 0.11750000000000001 0.12000000000000001 0.1225 0.125 0.1275 0.13 0.1325
34.jpg 0.2735 0.316 0.22350000000000003 0.22600000000000003 0.22850000000000004 0.23100000000000004 0.23350000000000004 0.23600000000000004 0.23850000000000005 0.24100000000000005 0.24350000000000002 0.24600000000000002 0.24850000000000003 0.25100000000000006 0.25350000000000006 0.256 0.25850000000000006 0.261 0.2635 0.266 0.2685 0.271 0.266 0.2685 0.271 0.2735 0.276 0.2785 0.281 0.28350000000000003 0.28600000000000003 0.28850000000000003 0.29100000000000004 0.29350000000000004 0.29600000000000004 0.2985 0.30100000000000005 0.3035 0.306 0.3085 0.311 0.3135
18.jpg 0.6673 0.3466 0.6173 0.6197999999999999 0.6223 0.6247999999999999 0.6273 0.6297999999999999 0.6323 0.6347999999999999 0.6373 0.6397999999999999 0.6423 0.6447999999999999 0.6473 0.6497999999999999 0.6523 0.6547999999999999 0.6573 0.6597999999999999 0.6623 0.6648 0.29660000000000003 0.29910000000000003 0.30160000000000003 0.30410000000000004 0.30660000000000004 0.30910000000000004 0.31160000000000004 0.31410000000000005 0.31660000000000005 0.31910000000000005 0.32160000000000005 0.32410000000000005 0.32660000000000006 0.32910000000000006 0.3316 0.3341 0.3366 0.3391 0.3416 0.3441
39.jpg 0.6102 0.3313 0.5601999999999999 0.5626999999999999 0.5651999999999999 0.5676999999999999 0.5701999999999999 0.5726999999999999 0.5751999999999999 0.5776999999999999 0.5801999999999999 0.5826999999999999 0.5851999999999999 0.5876999999999999 0.5902 0.5926999999999999 0.5952 0.5976999999999999 0.6002 0.6026999999999999 0.6052 0.6076999999999999 0.2813 0.2838 0.2863 0.2888 0.2913 0.2938 0.2963 0.2988 0.3013 0.3038 0.3063 0.3088 0.3113 0.31379999999999997 0.3163 0.3188 0.3213 0.3238 0.3263 0.3288
108.jpg 0.4857 0.4939 0.43570000000000003 0.43820000000000003 0.44070000000000004 0.44320000000000004 0.44570000000000004 0.44820000000000004 0.45070000000000005 0.45320000000000005 0.45570000000000005 0.45820000000000005 0.46070000000000005 0.46320000000000006 0.46570000000000006 0.46820000000000006 0.4707 0.4732 0.4757 0.4782 0.4807 0.4832 0.4439 0.4464 0.4489 0.4514 0.4539 0.45640000000000003 0.45890000000000003 0.46140000000000003 0.46390000000000003 0.46640000000000004 0.46890000000000004 0.47140000000000004 0.47390000000000004 0.47640000000000005 0.4789 0.4814 0.4839 0.4864 0.4889 0.4914
31.jpg 0.6429 0.3252 0.5929 0.5953999999999999 0.5979 0.6003999999999999 0.6029 0.6053999999999999 0.6079 0.6103999999999999 0.6129 0.6154 0.6179 0.6204 0.6229 0.6254 0.6279 0.6304 0.6329 0.6354 0.6379 0.6404 0.2752 0.2777 0.2802 0.2827 0.2852 0.2877 0.2902 0.2927 0.2952 0.2977 0.3002 0.3027 0.3052 0.3077 0.31020000000000003 0.3127 0.3152 0.3177 0.3202 0.3227
102.jpg 0.4551 0.6258 0.4051 0.4076 0.4101 0.4126 0.4151 0.4176 0.42010000000000003 0.42260000000000003 0.42510000000000003 0.42760000000000004 0.43010000000000004 0.43260000000000004 0.43510000000000004 0.4376 0.44010000000000005 0.4426 0.4451 0.4476 0.4501 0.4526 0.5758 0.5782999999999999 0.5808 0.5832999999999999 0.5858 0.5882999999999999 0.5908 0.5932999999999999 0.5958 0.5982999999999999 0.6008 0.6033 0.6058 0.6083 0.6108 0.6133 0.6158 0.6183 0.6208 0.6233
17.jpg 0.5 0.5031 0.45 0.4525 0.455 0.4575 0.46 0.4625 0.465 0.4675 0.47000000000000003 0.47250000000000003 0.47500000000000003 0.47750000000000004 0.48000000000000004 0.48250000000000004 0.485 0.4875 0.49 0.4925 0.495 0.4975 0.4531 0.4556 0.4581 0.4606 0.4631 0.4656 0.4681 0.4706 0.4731 0.4756 0.4781 0.4806 0.48310000000000003 0.48560000000000003 0.4881 0.4906 0.4931 0.4956 0.4981 0.5006
9.jpg 0.3673 0.2853 0.3173 0.31980000000000003 0.32230000000000003 0.32480000000000003 0.32730000000000004 0.32980000000000004 0.33230000000000004 0.33480000000000004 0.33730000000000004 0.33980000000000005 0.34230000000000005 0.34480000000000005 0.34730000000000005 0.3498 0.35230000000000006 0.3548 0.3573 0.3598 0.3623 0.3648 0.2353 0.2378 0.2403 0.24280000000000002 0.24530000000000002 0.24780000000000002 0.2503 0.2528 0.2553 0.25780000000000003 0.26030000000000003 0.26280000000000003 0.26530000000000004 0.26780000000000004 0.2703 0.2728 0.2753 0.2778 0.2803 0.2828
16.jpg 0.5796 0.3282 0.5296 0.5320999999999999 0.5346 0.5370999999999999 0.5396 0.5420999999999999 0.5446 0.5470999999999999 0.5496 0.5520999999999999 0.5546 0.5570999999999999 0.5596 0.5620999999999999 0.5646 0.5670999999999999 0.5696 0.5720999999999999 0.5746 0.5771 0.2782 0.2807 0.2832 0.2857 0.2882 0.2907 0.2932 0.2957 0.2982 0.3007 0.3032 0.3057 0.30820000000000003 0.3107 0.31320000000000003 0.3157 0.3182 0.3207 0.3232 0.3257
25.jpg 0.5673 0.2546 0.5173 0.5197999999999999 0.5223 0.5247999999999999 0.5273 0.5297999999999999 0.5323 0.5347999999999999 0.5373 0.5398 0.5423 0.5448 0.5473 0.5498 0.5523 0.5548 0.5573 0.5598 0.5623 0.5648 0.2046 0.2071 0.2096 0.2121 0.2146 0.21710000000000002 0.21960000000000002 0.22210000000000002 0.2246 0.2271 0.2296 0.2321 0.2346 0.2371 0.2396 0.2421 0.2446 0.24710000000000001 0.2496 0.2521
29.jpg 0.2122 0.362 0.1622 0.1647 0.16720000000000002 0.16970000000000002 0.17220000000000002 0.17470000000000002 0.17720000000000002 0.17970000000000003 0.1822 0.1847 0.1872 0.1897 0.1922 0.1947 0.19720000000000001 0.19970000000000002 0.20220000000000002 0.20470000000000002 0.2072 0.2097 0.312 0.3145 0.317 0.3195 0.322 0.3245 0.327 0.3295 0.332 0.3345 0.337 0.3395 0.342 0.34450000000000003 0.347 0.3495 0.352 0.3545 0.357 0.3595
11.jpg 0.8143 0.6933 0.7643 0.7667999999999999 0.7693 0.7717999999999999 0.7743 0.7767999999999999 0.7793 0.7817999999999999 0.7843 0.7867999999999999 0.7893 0.7918 0.7943 0.7968 0.7993 0.8018 0.8043 0.8068 0.8093 0.8118 0.6433 0.6457999999999999 0.6483 0.6507999999999999 0.6533 0.6557999999999999 0.6583 0.6607999999999999 0.6633 0.6658 0.6683 0.6708 0.6733 0.6758 0.6783 0.6808 0.6833 0.6858 0.6883 0.6908
32.jpg 0.6408 0.1258 0.5908 0.5932999999999999 0.5958 0.5982999999999999 0.6008 0.6033 0.6058 0.6083 0.6108 0.6133 0.6158 0.6183 0.6208 0.6233 0.6258 0.6283 0.6308 0.6333 0.6358 0.6383 0.07579999999999999 0.0783 0.0808 0.0833 0.08579999999999999 0.08829999999999999 0.09079999999999999 0.0933 0.0958 0.0983 0.1008 0.1033 0.1058 0.1083 0.1108 0.11329999999999998 0.11579999999999999 0.11829999999999999 0.12079999999999999 0.12329999999999999
94.jpg 0.3388 0.4448 0.2888 0.2913 0.2938 0.2963 0.2988 0.3013 0.3038 0.3063 0.3088 0.3113 0.3138 0.3163 0.31880000000000003 0.32130000000000003 0.3238 0.3263 0.3288 0.3313 0.3338 0.3363 0.3948 0.3973 0.3998 0.4023 0.4048 0.4073 0.4098 0.4123 0.4148 0.4173 0.4198 0.4223 0.4248 0.4273 0.42979999999999996 0.43229999999999996 0.43479999999999996 0.43729999999999997 0.43979999999999997 0.44229999999999997
55.jpg 0.3245 0.4663 0.2745 0.277 0.2795 0.28200000000000003 0.28450000000000003 0.28700000000000003 0.28950000000000004 0.29200000000000004 0.29450000000000004 0.29700000000000004 0.29950000000000004 0.30200000000000005 0.30450000000000005 0.30700000000000005 0.3095 0.312 0.3145 0.317 0.3195 0.322 0.4163 0.4188 0.4213 0.4238 0.4263 0.4288 0.4313 0.4338 0.4363 0.4388 0.4413 0.44380000000000003 0.44630000000000003 0.4488 0.45130000000000003 0.4538 0.4563 0.4588 0.4613 0.4638
60.jpg 0.151 0.3589 0.10099999999999999 0.1035 0.106 0.1085 0.11099999999999999 0.11349999999999999 0.11599999999999999 0.1185 0.121 0.1235 0.126 0.1285 0.131 0.1335 0.136 0.13849999999999998 0.141 0.1435 0.146 0.1485 0.3089 0.3114 0.3139 0.3164 0.3189 0.3214 0.3239 0.3264 0.3289 0.33140000000000003 0.33390000000000003 0.33640000000000003 0.33890000000000003 0.34140000000000004 0.3439 0.3464 0.3489 0.3514 0.3539 0.3564
41.jpg 0.1837 0.727 0.13369999999999999 0.1362 0.1387 0.1412 0.1437 0.1462 0.1487 0.1512 0.15369999999999998 0.15619999999999998 0.15869999999999998 0.16119999999999998 0.16369999999999998 0.1662 0.1687 0.1712 0.1737 0.1762 0.17869999999999997 0.18119999999999997 0.6769999999999999 0.6794999999999999 0.6819999999999999 0.6844999999999999 0.6869999999999999 0.6894999999999999 0.692 0.6944999999999999 0.697 0.6994999999999999 0.702 0.7044999999999999 0.707 0.7094999999999999 0.712 0.7144999999999999 0.717 0.7194999999999999 0.722 0.7244999999999999
91.jpg 0.5041 0.2239 0.4541 0.4566 0.4591 0.4616 0.4641 0.4666 0.4691 0.4716 0.4741 0.4766 0.4791 0.48160000000000003 0.48410000000000003 0.48660000000000003 0.4891 0.4916 0.4941 0.4966 0.4991 0.5016 0.1739 0.1764 0.1789 0.1814 0.1839 0.1864 0.1889 0.19140000000000001 0.1939 0.1964 0.1989 0.2014 0.2039 0.2064 0.2089 0.2114 0.2139 0.2164 0.21889999999999998 0.22139999999999999
5.jpg 0.8469 0.2117 0.7968999999999999 0.7993999999999999 0.8019 0.8043999999999999 0.8069 0.8093999999999999 0.8119 0.8143999999999999 0.8169 0.8193999999999999 0.8219 0.8243999999999999 0.8269 0.8293999999999999 0.8319 0.8343999999999999 0.8369 0.8393999999999999 0.8419 0.8443999999999999 0.1617 0.1642 0.16670000000000001 0.16920000000000002 0.17170000000000002 0.17420000000000002 0.17670000000000002 0.17920000000000003 0.1817 0.1842 0.1867 0.1892 0.1917 0.1942 0.1967 0.19920000000000002 0.20170000000000002 0.20420000000000002 0.2067 0.2092
44.jpg 0.1204 0.5399 0.07039999999999999 0.07289999999999999 0.0754 0.0779 0.08039999999999999 0.08289999999999999 0.08539999999999999 0.08789999999999999 0.0904 0.09289999999999998 0.09539999999999998 0.09789999999999999 0.10039999999999999 0.10289999999999999 0.1054 0.1079 0.1104 0.1129 0.11539999999999999 0.11789999999999999 0.48990000000000006 0.49240000000000006 0.49490000000000006 0.49740000000000006 0.49990000000000007 0.5024000000000001 0.5049 0.5074000000000001 0.5099 0.5124000000000001 0.5149 0.5174000000000001 0.5199 0.5224000000000001 0.5249 0.5274000000000001 0.5299 0.5324000000000001 0.5349 0.5374000000000001
90.jpg 0.2673 0.5123 0.2173 0.2198 0.2223 0.2248 0.2273 0.2298 0.2323 0.2348 0.23729999999999998 0.23979999999999999 0.2423 0.2448 0.2473 0.2498 0.25229999999999997 0.25479999999999997 0.2573 0.2598 0.2623 0.2648 0.4623 0.4648 0.4673 0.4698 0.4723 0.4748 0.4773 0.4798 0.4823 0.4848 0.4873 0.4898 0.4923 0.4948 0.49729999999999996 0.49979999999999997 0.5023 0.5048 0.5073 0.5098
59.jpg 0.3388 0.7147 0.2888 0.2913 0.2938 0.2963 0.2988 0.3013 0.3038 0.3063 0.3088 0.3113 0.3138 0.3163 0.31880000000000003 0.32130000000000003 0.3238 0.3263 0.3288 0.3313 0.3338 0.3363 0.6647 0.6671999999999999 0.6697 0.6721999999999999 0.6747 0.6771999999999999 0.6797 0.6821999999999999 0.6847 0.6871999999999999 0.6897 0.6921999999999999 0.6947 0.6971999999999999 0.6997 0.7021999999999999 0.7047 0.7071999999999999 0.7097 0.7121999999999999
23.jpg 0.4163 0.6196 0.3663 0.3688 0.3713 0.3738 0.3763 0.3788 0.38130000000000003 0.38380000000000003 0.38630000000000003 0.38880000000000003 0.39130000000000004 0.39380000000000004 0.39630000000000004 0.39880000000000004 0.4013 0.4038 0.4063 0.4088 0.4113 0.4138 0.5696 0.5720999999999999 0.5746 0.5771 0.5796 0.5821 0.5846 0.5871 0.5896 0.5921 0.5946 0.5971 0.5996 0.6021 0.6046 0.6071 0.6096 0.6121 0.6146 0.6171
35.jpg 0.4286 0.6319 0.3786 0.3811 0.3836 0.3861 0.3886 0.3911 0.3936 0.3961 0.3986 0.4011 0.4036 0.4061 0.4086 0.4111 0.41359999999999997 0.41609999999999997 0.41859999999999997 0.4211 0.4236 0.4261 0.5819 0.5843999999999999 0.5869 0.5893999999999999 0.5919 0.5943999999999999 0.5969 0.5993999999999999 0.6019 0.6043999999999999 0.6069 0.6093999999999999 0.6119 0.6144 0.6169 0.6194 0.6219 0.6244 0.6269 0.6294
101.jpg 0.2 0.6503 0.15000000000000002 0.15250000000000002 0.15500000000000003 0.15750000000000003 0.16000000000000003 0.16250000000000003 0.16500000000000004 0.16750000000000004 0.17 0.17250000000000001 0.17500000000000002 0.17750000000000002 0.18000000000000002 0.18250000000000002 0.18500000000000003 0.18750000000000003 0.19000000000000003 0.19250000000000003 0.195 0.1975 0.6003 0.6027999999999999 0.6053 0.6077999999999999 0.6103 0.6127999999999999 0.6153 0.6177999999999999 0.6203 0.6227999999999999 0.6253 0.6277999999999999 0.6303 0.6327999999999999 0.6353 0.6377999999999999 0.6403 0.6427999999999999 0.6453 0.6477999999999999
30.jpg 0.149 0.3742 0.09899999999999999 0.10149999999999999 0.104 0.1065 0.10899999999999999 0.11149999999999999 0.11399999999999999 0.11649999999999999 0.119 0.1215 0.124 0.1265 0.129 0.1315 0.134 0.13649999999999998 0.13899999999999998 0.1415 0.144 0.1465 0.3242 0.3267 0.3292 0.3317 0.3342 0.3367 0.3392 0.3417 0.3442 0.3467 0.3492 0.3517 0.3542 0.3567 0.35919999999999996 0.36169999999999997 0.36419999999999997 0.36669999999999997 0.3692 0.3717
7.jpg 0.1184 0.1718 0.0684 0.0709 0.0734 0.07590000000000001 0.0784 0.0809 0.0834 0.0859 0.0884 0.09090000000000001 0.09340000000000001 0.09590000000000001 0.09840000000000002 0.1009 0.1034 0.1059 0.1084 0.1109 0.1134 0.1159 0.1218 0.12430000000000001 0.1268 0.1293 0.1318 0.1343 0.1368 0.1393 0.1418 0.1443 0.1468 0.14930000000000002 0.15180000000000002 0.1543 0.1568 0.1593 0.1618 0.1643 0.1668 0.1693
24.jpg 0.8184 0.3037 0.7684 0.7708999999999999 0.7734 0.7758999999999999 0.7784 0.7808999999999999 0.7834 0.7858999999999999 0.7884 0.7908999999999999 0.7934 0.7958999999999999 0.7984 0.8009 0.8034 0.8059 0.8084 0.8109 0.8134 0.8159 0.25370000000000004 0.25620000000000004 0.25870000000000004 0.26120000000000004 0.26370000000000005 0.26620000000000005 0.26870000000000005 0.27120000000000005 0.27370000000000005 0.27620000000000006 0.27870000000000006 0.28120000000000006 0.28370000000000006 0.2862 0.28870000000000007 0.2912 0.2937 0.2962 0.2987 0.3012
105.jpg 0.5776 0.8436 0.5276 0.5300999999999999 0.5326 0.5350999999999999 0.5376 0.5400999999999999 0.5426 0.5450999999999999 0.5476 0.5500999999999999 0.5526 0.5550999999999999 0.5576 0.5600999999999999 0.5626 0.5650999999999999 0.5676 0.5700999999999999 0.5726 0.5751 0.7936 0.7960999999999999 0.7986 0.8010999999999999 0.8036 0.8060999999999999 0.8086 0.8110999999999999 0.8136 0.8160999999999999 0.8186 0.8210999999999999 0.8236 0.8261 0.8286 0.8311 0.8336 0.8361 0.8386 0.8411
14.jpg 0.2163 0.365 0.1663 0.1688 0.1713 0.1738 0.1763 0.17880000000000001 0.18130000000000002 0.18380000000000002 0.1863 0.1888 0.1913 0.1938 0.1963 0.1988 0.2013 0.2038 0.2063 0.2088 0.2113 0.2138 0.315 0.3175 0.32 0.3225 0.325 0.3275 0.33 0.3325 0.335 0.3375 0.34 0.3425 0.34500000000000003 0.34750000000000003 0.35 0.3525 0.355 0.3575 0.36 0.3625
107.jpg 0.2327 0.4724 0.18269999999999997 0.18519999999999998 0.18769999999999998 0.19019999999999998 0.19269999999999998 0.19519999999999998 0.1977 0.2002 0.20269999999999996 0.20519999999999997 0.20769999999999997 0.21019999999999997 0.21269999999999997 0.21519999999999997 0.21769999999999998 0.22019999999999998 0.22269999999999998 0.22519999999999998 0.22769999999999996 0.23019999999999996 0.4224 0.4249 0.4274 0.4299 0.4324 0.4349 0.4374 0.4399 0.4424 0.4449 0.4474 0.4499 0.4524 0.45489999999999997 0.45740000000000003 0.4599 0.4624 0.4649 0.4674 0.4699
1.jpg 0.8714 0.1718 0.8213999999999999 0.8238999999999999 0.8263999999999999 0.8288999999999999 0.8313999999999999 0.8338999999999999 0.8363999999999999 0.8388999999999999 0.8413999999999999 0.8438999999999999 0.8463999999999999 0.8488999999999999 0.8513999999999999 0.8538999999999999 0.8563999999999999 0.8588999999999999 0.8613999999999999 0.8638999999999999 0.8664 0.8688999999999999 0.1218 0.12430000000000001 0.1268 0.1293 0.1318 0.1343 0.1368 0.1393 0.1418 0.1443 0.1468 0.14930000000000002 0.15180000000000002 0.1543 0.1568 0.1593 0.1618 0.1643 0.1668 0.1693
27.jpg 0.6245 0.3067 0.5745 0.577 0.5795 0.582 0.5845 0.587 0.5895 0.592 0.5945 0.597 0.5995 0.602 0.6045 0.607 0.6095 0.612 0.6145 0.617 0.6195 0.622 0.2567 0.2592 0.2617 0.2642 0.2667 0.2692 0.2717 0.2742 0.2767 0.2792 0.2817 0.2842 0.2867 0.2892 0.29169999999999996 0.29419999999999996 0.29669999999999996 0.29919999999999997 0.30169999999999997 0.30419999999999997
13.jpg 0.3796 0.2761 0.3296 0.3321 0.3346 0.3371 0.3396 0.3421 0.3446 0.3471 0.3496 0.3521 0.3546 0.35710000000000003 0.35960000000000003 0.3621 0.36460000000000004 0.3671 0.3696 0.3721 0.3746 0.3771 0.22610000000000002 0.22860000000000003 0.23110000000000003 0.23360000000000003 0.23610000000000003 0.23860000000000003 0.24110000000000004 0.24360000000000004 0.2461 0.24860000000000002 0.25110000000000005 0.25360000000000005 0.25610000000000005 0.25860000000000005 0.2611 0.2636 0.2661 0.2686 0.2711 0.2736
96.jpg 0.4714 0.8436 0.4214 0.4239 0.4264 0.4289 0.4314 0.4339 0.4364 0.4389 0.4414 0.4439 0.4464 0.4489 0.4514 0.45389999999999997 0.45640000000000003 0.4589 0.4614 0.4639 0.4664 0.4689 0.7936 0.7960999999999999 0.7986 0.8010999999999999 0.8036 0.8060999999999999 0.8086 0.8110999999999999 0.8136 0.8160999999999999 0.8186 0.8210999999999999 0.8236 0.8261 0.8286 0.8311 0.8336 0.8361 0.8386 0.8411
